[0m[38;2;0;0;0m                                             [0m
[0m[38;2;43;32;41mk[38;2;152;107;135ml[38;2;166;116;147mc[38;2;155;109;138ml[38;2;135;94;120md[38;2;107;74;96mk[38;2;80;57;74mO[38;2;56;42;54mK[38;2;32;28;35mX[38;2;14;12;16mW[38;2;0;0;0m [38;2;0;0;0m                                  [0m
[0m[38;2;14;11;14m.[38;2;200;140;175m;[38;2;203;142;177m;;[38;2;203;142;177m;[38;2;200;139;174m;[38;2;184;123;158m:[38;2;161;101;135ml[38;2;150;93;125mo[38;2;132;86;116md[38;2;107;75;100mx[38;2;67;53;69m0[38;2;40;36;46mX[38;2;11;10;12mX[38;2;0;0;0m     [38;2;32;25;31mN[38;2;34;28;34mc[38;2;18;16;18m.[38;2;70;63;69mO[38;2;30;27;30mN[38;2;14;13;16mW[38;2;20;18;22mN[38;2;24;21;27mN[38;2;27;24;31mN[38;2;31;28;36mX[38;2;28;25;32mN[38;2;24;22;28mN[38;2;20;18;23mN[38;2;4;3;4m0[38;2;0;0;0m            [0m
[0m[38;2;2;2;2m [38;2;9;6;8m [38;2;182;124;157m:[38;2;195;135;169m;[38;2;202;141;176m;[38;2;203;142;177m;[38;2;203;142;177m;[38;2;199;138;173m;[38;2;162;102;135ml[38;2;154;95;128mo[38;2;148;89;122mo[38;2;142;84;117md[38;2;123;76;106mx[38;2;105;78;103mx[38;2;76;66;85mO[38;2;52;47;59mK[38;2;27;25;30mN[38;2;46;42;48mK[38;2;69;59;73mO[38;2;111;92;117md[38;2;75;65;83mO[38;2;68;61;78mO[38;2;100;90;108mx[38;2;141;127;144ml[38;2;165;148;167m:[38;2;121;106;126mo[38;2;69;62;78mO[38;2;64;57;74m0[38;2;52;47;60mK[38;2;46;41;52mK[38;2;53;47;61mK[38;2;35;32;41mX[38;2;37;34;43mX[38;2;29;26;33mX[38;2;0;0;0m [38;2;0;0;0m          [0m
[0m[38;2;0;0;0m [38;2;0;0;0m [38;2;31;31;31m [38;2;11;7;9m [38;2;158;102;134ml[38;2;165;106;139ml[38;2;167;108;141ml[38;2;167;107;141ml[38;2;163;108;139ml[38;2;164;112;142ml[38;2;157;108;137ml[38;2;156;114;141ml[38;2;155;123;146mc[38;2;152;122;145mc[38;2;143;120;140ml[38;2;111;106;121md[38;2;86;79;97mk[38;2;101;91;112mx[38;2;139;127;147ml[38;2;155;141;159m:[38;2;153;139;155m:[38;2;148;134;149mc[38;2;121;107;125mo[38;2;90;79;98mk[38;2;63;56;71m0[38;2;103;87;106mx[38;2;144;117;141ml[38;2;62;50;64m0[38;2;26;24;31mO[38;2;28;28;28m [38;2;20;20;20m [38;2;18;18;18m [38;2;17;15;20md[38;2;31;28;35mX[38;2;4;4;5mX[38;2;0;0;0m          [0m
[0m[38;2;0;0;0m   [38;2;0;0;0m [38;2;8;8;8m [38;2;35;35;35m [38;2;55;38;49m:[38;2;121;80;105mx[38;2;164;124;148mc[38;2;169;123;150mc[38;2;192;170;187m,[38;2;187;174;190m'[38;2;190;194;207m.[38;2;183;188;201m'[38;2;185;186;195m'[38;2;181;183;190m'[38;2;166;171;179m,[38;2;116;118;127mo[38;2;76;71;86mO[38;2;76;68;87mO[38;2;73;66;84mO[38;2;73;65;82mO[38;2;97;85;102mx[38;2;121;102;123md[38;2;136;112;135ml[38;2;111;87;109mx[38;2;75;57;76mO[38;2;113;83;109mx[38;2;5;4;5m [38;2;0;0;0m   [38;2;2;2;2m [38;2;9;9;9m [38;2;11;11;11m [38;2;17;17;17m [38;2;3;3;3m [38;2;0;0;0m        [0m
[0m[38;2;0;0;0m      [38;2;3;3;3m [38;2;33;33;33m [38;2;112;112;112m [38;2;9;8;9m [38;2;1;1;1m [38;2;39;26;33m.[38;2;195;177;192m'[38;2;207;198;201m.[38;2;182;162;159m;[38;2;192;169;164m,[38;2;173;176;186m,[38;2;165;171;178m,[38;2;152;157;164m:[38;2;112;109;116mo[38;2;68;64;76mO[38;2;63;56;72m0[38;2;64;57;73m0[38;2;60;54;69m0[38;2;58;52;67m0[38;2;57;50;64m0[38;2;74;59;77mO[38;2;73;58;75mO[38;2;15;14;17mW[38;2;12;11;14mW[38;2;13;11;14mW[38;2;11;10;12mW[38;2;7;7;8mW[38;2;4;3;4mM[38;2;2;2;2mM[38;2;3;3;2mM[38;2;21;17;8mW[38;2;2;2;2m;[38;2;0;0;0m       [0m
[0m[38;2;0;0;0m         [38;2;3;3;3m.[38;2;20;20;20m:[38;2;112;113;116mo[38;2;147;135;130m.[38;2;237;216;204m.[38;2;226;206;198m.[38;2;209;204;205m.[38;2;202;204;208m.[38;2;191;177;174m'[38;2;181;166;162m,[38;2;174;171;172m,[38;2;151;156;162m:[38;2;112;114;120mo[38;2;77;75;85mk[38;2;54;49;61m0[38;2;53;47;60mK[38;2;50;45;57mK[38;2;48;43;55mK[38;2;46;41;52mK[38;2;43;39;49mK[38;2;40;36;46mX[38;2;36;33;41mX[38;2;35;32;41mX[38;2;33;30;38mX[38;2;29;26;33mN[38;2;23;21;26mN[38;2;17;15;20mW[38;2;54;43;21mK[38;2;51;39;16mX[38;2;13;12;15mW[38;2;12;10;13mW[38;2;10;9;11mW[38;2;7;6;8mW[38;2;4;4;5mM[38;2;0;0;1md[38;2;0;0;0m [0m
[0m[38;2;0;0;0m        [38;2;2;2;2m [38;2;99;101;107mo[38;2;171;175;185m'[38;2;11;12;12m.[38;2;132;127;127ml[38;2;220;208;204m.[38;2;208;204;204m.[38;2;191;175;170m,[38;2;191;173;167m,[38;2;191;167;158m,[38;2;186;187;189m'[38;2;179;179;181m,[38;2;174;175;179m,[38;2;157;158;163m;[38;2;131;135;140mc[38;2;115;118;122mo[38;2;97;97;102mx[38;2;69;68;75mO[38;2;50;48;56mK[38;2;33;30;37mX[38;2;27;25;32mN[38;2;25;23;29mN[38;2;22;20;25mN[38;2;19;17;22mN[38;2;17;15;20mW[38;2;17;15;19mW[38;2;16;14;19mW[38;2;16;14;18mW[38;2;15;14;17mW[38;2;15;13;17mW[38;2;15;13;17mW[38;2;14;13;16mW[38;2;14;13;16mW[38;2;14;12;16mW[38;2;14;12;16mW[38;2;10;9;11mx[38;2;6;6;6m [0m
[0m[38;2;0;0;0m        [38;2;29;27;23mx[38;2;188;192;206m.[38;2;170;175;192m,[38;2;158;160;169m;[38;2;161;165;176m.[38;2;58;60;65m.[38;2;178;182;195m'[38;2;170;173;181m,[38;2;178;179;184m,[38;2;173;176;183m,[38;2;167;167;173m;[38;2;152;151;156m:[38;2;128;126;133ml[38;2;152;152;155m:[38;2;130;132;135ml[38;2;94;90;97mx[38;2;96;95;101mx[38;2;122;122;125ml[38;2;111;112;115mo[38;2;102;101;104md[38;2;72;70;73mO[38;2;32;32;34mX[38;2;2;2;2m.[38;2;10;10;10m [38;2;12;12;12m [38;2;13;13;13m [38;2;2;1;2m [38;2;13;11;15mW[38;2;13;11;15mW[38;2;13;11;15mW[38;2;10;8;11mO[38;2;11;11;11m [38;2;9;9;9m [38;2;7;7;7m [38;2;5;5;5m [38;2;1;1;1m [38;2;0;0;0m [0m
[0m[38;2;0;0;0m     [38;2;30;27;25m0[38;2;107;91;85mx[38;2;70;52;47m0[38;2;144;117;91ml[38;2;174;145;135m:[38;2;159;155;162m;[38;2;158;155;150m:[38;2;151;152;165m:[38;2;132;133;148mc[38;2;117;116;132mo[38;2;98;96;112mx[38;2;77;72;89mk[38;2;64;57;73m0[38;2;60;54;69m0[38;2;55;50;63m0[38;2;56;50;61m0[38;2;109;106;113md[38;2;130;132;135ml[38;2;90;86;93mx[38;2;81;75;83mk[38;2;76;72;79mO[38;2;105;105;108md[38;2;107;107;110md[38;2;99;99;102md[38;2;59;59;61m0[38;2;33;33;33m [38;2;2;2;2m [38;2;3;3;3ml[38;2;0;0;0m [38;2;0;0;0m [38;2;0;0;0m [38;2;1;1;1m [38;2;1;1;1m [38;2;0;0;0m [38;2;0;0;0m      [0m
[0m[38;2;0;0;0m    [38;2;2;2;2m [38;2;36;27;25m.[38;2;155;63;34mx[38;2;153;58;29mk[38;2;141;53;27mk[38;2;131;45;24mO[38;2;137;82;68mx[38;2;122;112;102mo[38;2;107;95;77mx[38;2;63;56;72m0[38;2;58;51;66m0[38;2;59;53;68m0[38;2;56;50;64m0[38;2;54;48;62mK[38;2;51;46;58mK[38;2;47;42;54mK[38;2;44;40;51mK[38;2;47;43;53mK[38;2;98;95;101mx[38;2;105;104;108md[38;2;73;68;75mO[38;2;72;72;78mO[38;2;80;83;87mk[38;2;101;101;104md[38;2;94;94;98mx[38;2;93;94;97mx[38;2;59;60;62m0[38;2;2;2;2m.[38;2;27;27;27m [38;2;12;12;12mc[38;2;0;0;0m           [0m
[0m[38;2;0;0;0m    [38;2;7;7;7m [38;2;134;117;110m,[38;2;208;167;152m,[38;2;194;150;134m;[38;2;122;70;49mk[38;2;94;47;28m0[38;2;105;45;32m0[38;2;59;52;68m0[38;2;57;51;66m0[38;2;54;48;62mK[38;2;57;51;66m0[38;2;49;44;56mK[38;2;45;41;52mK[38;2;48;43;54mK[38;2;47;42;54mK[38;2;44;39;50mK[38;2;37;33;42mX[38;2;38;34;43mX[38;2;36;33;41mX[38;2;70;70;76mO[38;2;82;84;88mk[38;2;84;87;91mk[38;2;84;87;91mk[38;2;98;99;102md[38;2;99;99;102md[38;2;86;88;92mx[38;2;106;106;108md[38;2;57;57;58mx[38;2;0;0;0m [38;2;9;9;10m.[38;2;0;0;0m           [0m
[0m[38;2;0;0;0m    [38;2;19;19;19m [38;2;111;111;111m [38;2;15;13;12m [38;2;187;164;154m,[38;2;171;158;158m;[38;2;137;117;117ml[38;2;117;82;80mx[38;2;63;45;39mK[38;2;44;40;50mK[38;2;55;49;63m0[38;2;47;42;54mK[38;2;48;43;55mK[38;2;48;43;55mK[38;2;44;40;51mK[38;2;43;39;50mK[38;2;37;33;42mX[38;2;26;24;31mN[38;2;23;21;27mN[38;2;61;62;67m0[38;2;80;83;87mk[38;2;85;88;92mx[38;2;88;90;94mx[38;2;102;103;106md[38;2;111;111;114mo[38;2;100;102;105md[38;2;105;106;109md[38;2;68;68;70m,[38;2;107;108;111md[38;2;4;4;4m'[38;2;15;15;15m [38;2;0;0;0m           [0m
[0m[38;2;0;0;0m      [38;2;5;5;5m.[38;2;149;139;144mc[38;2;161;154;164m;[38;2;151;146;154m:[38;2;60;55;67m0[38;2;65;60;71m0[38;2;36;33;41mX[38;2;51;46;58mK[38;2;50;45;57mK[38;2;48;43;55mK[38;2;46;41;53mK[38;2;44;40;51mK[38;2;42;38;48mX[38;2;25;23;30mN[38;2;23;21;27mN[38;2;52;52;57m0[38;2;87;89;94mx[38;2;90;92;96mx[38;2;97;99;102md[38;2;115;116;119mo[38;2;122;122;125ml[38;2;109;111;115mo[38;2;116;118;122mo[38;2;32;32;33m.[38;2;29;29;31m,[38;2;21;21;22m.[38;2;3;3;3m [38;2;0;0;0m            [0m
